ID	sample_number	depth	depth_to	Al2O3 (%)	CaO (%)	Fe2O3 (%)	K2O (%)	MgO (%)	P2O5 (%)	SiO2 (%)	TiO2 (%)	Ancyrochitina ancyrea s.l.	Ancyrochitina rumbaensis	Ancyrochitina vikiensis	Angochitina longicollis	Belonechitina oeselensis	Bursachitina nana	Bursachitina nestorae	Calpichitina densa	Conochitina acuminata	Conochitina aff. tuba	Conochitina claviformis	Conochitina edjelensis	Conochitina electa	Conochitina elongata	Conochitina emmastensis	Conochitina flamma	Conochitina leptosoma	Conochitina mamilla	Conochitina probocifera	Conochitina visbyensis	Eisenackitina causiata	Eisenackitina dolioliformis	Eisenackitina inanulifera	Kalloprion kilmisteri	Kettnerites cf. sisyphi	Kettnerites sp.	Kozlowskiprion	Lanceolatites gracilis	Margachitina margaritana	"Mochtyella ""monodentata"""	Mochtyella cf. trapezoidea	Mochtyella ex gr. fragilis	Mochtyella sp. 3	Mochtyella sp. 5	"Oenonites ""stillapennatus"""	"Oenonites cf. ""stillapennatus"""	Oenonites cf. jennyensis	Oenonites cf. varsoviensis	Oenonites cf. wyszogrodensis	Oenonites eichwaldi	Oenonites jennyensis	Oenonites latus	Oenonites olavi	Oenonites spp.	Pistoprion	Plectochitina pachyderma	Protarabellites staufferi	Ramochitina angusta	Ramochitina ruhnuensis	Rhytiprion magnus	Skalenoprion bugensis	"Tetraprion ""siluricus"""	Tetraprion cf. pozaryskae	Valgaprion	Vistulella	"Xanioprion ""siluricus"""	Xanioprion borealis?
59834	OM4-333	95.93	96.1	0.83	35.57	0.87	0.32	14.71	0.07	2.64	0.03	0	0	0	0	0	0	0	0	0	0	0	0	0	0	0	0	0	0	0	0	0	0	0	0	0	0	0	0	0	0	0	0	0	0	0	0	0	0	0	0	0	0	0	0	0	0	0	0	0	0	0	0	0	0	0	0	0
59833	OM4-332	98.82	98.97	4.37	28.84	1.85	1.64	11.48	0.06	15.66	0.22	392	0	0	0	0	0	0	0	0	0	9	0	0	0	0	0	0	0	0	0	0	0	0	1	0	7	0	6	0	8	2	5	0	0	7	0	0	0	0	0	0	0	0	15	0	17	0	0	0	0	0	0	0	1	0	0	2
59832	OM4-331	100.88	100.99	3.07	36.72	1.87	1.22	6.66	0.04	11.6	0.16	196	0	0	0	0	0	0	0	0	0	39	0	0	0	0	0	0	0	0	0	0	0	0	0	0	5	0	3	36	3	2	1	0	0	8	0	0	0	0	0	0	0	0	10	0	7	0	0	0	0	0	0	0	1	0	0	4
59831	OM4-330	102.8	103	4.26	34.11	1.68	1.63	5.94	0.03	16.8	0.23	310	0	0	0	0	0	0	2	0	0	46	0	0	0	0	0	0	0	124	0	0	0	0	3	4	0	1	4	16	9	2	2	0	0	8	0	0	0	0	1	0	0	3	64	0	16	1	0	0	0	2	0	0	3	0	0	3
59830	OM4-329	104.75	104.85	2.54	42.51	1.35	1.02	3.01	0.04	10.91	0.14	17	0	0	0	0	0	0	0	0	5	25	0	0	0	0	0	0	0	19	0	0	0	0	0	0	1	0	0	0	4	3	0	0	0	1	0	0	0	0	0	0	0	0	13	0	2	0	0	0	0	1	0	0	1	0	0	1
59829	OM4-328	106.91	107.05	4.39	32.38	1.88	1.77	6.23	0.04	18.74	0.24	29	0	0	0	0	0	0	0	0	0	56	0	0	0	0	0	0	14	161	0	0	0	0	0	1	10	0	3	44	30	2	15	0	0	0	3	0	0	0	3	0	0	0	51	0	1	7	0	0	1	3	0	0	2	0	0	19
59828	OM4-327	108.73	108.87	3.61	37.69	2.17	1.45	4.27	0.05	14.77	0.19	3	0	0	0	0	0	0	3	0	0	9	0	0	0	0	0	0	0	64	0	0	0	0	0	1	9	1	2	0	7	5	6	0	0	0	9	0	0	6	0	4	0	0	43	5	0	3	0	0	0	0	4	0	5	0	0	8
59827	OM4-326	109.76	109.89	7.82	22.77	3.48	2.79	6.12	0.05	29.81	0.42	8	0	0	0	0	0	0	3	0	0	5	0	0	0	0	0	0	0	66	0	0	0	0	0	0	3	0	0	0	21	6	17	0	0	0	18	0	0	5	0	1	0	0	35	0	3	18	0	0	0	0	2	0	1	0	1	17
59826	OM4-325	110.73	110.84	6.38	26.21	2.71	2.37	6.06	0.04	26.08	0.35	170	0	0	7	0	0	0	0	0	0	0	0	0	0	0	0	0	0	2	0	0	0	0	0	0	6	0	0	0	22	8	11	0	0	0	18	0	0	6	0	0	0	0	34	1	3	0	0	0	0	2	2	0	2	3	0	15
59825	OM4-324	111.93	112	8.41	18.31	3.7	3.02	7.44	0.05	32.33	0.46	1249	0	0	404	0	0	0	83	0	0	0	0	0	0	0	0	0	0	44	0	0	0	0	0	0	6	0	0	0	6	1	1	0	0	0	0	0	0	0	0	0	0	0	0	0	14	0	0	0	0	0	0	1	1	6	0	4
59824	OM4-323	112.78	112.89	9.32	16.32	3.87	3.28	7.13	0.04	35.04	0.5	31	0	0	18	70	0	0	0	0	0	0	0	0	0	0	0	0	0	11	0	2	0	3	0	0	8	3	0	1	1	4	3	5	0	0	4	0	0	3	0	0	4	0	35	0	0	0	0	0	0	0	2	0	4	0	0	10
59823	OM4-322	113.78	113.88	8.72	17.86	3.79	3.1	6.77	0.04	33.56	0.47	327	0	0	59	4	0	0	0	6	0	0	0	0	0	0	0	0	0	0	0	0	0	2	0	0	3	3	0	0	17	9	0	4	0	0	0	0	0	0	0	0	3	0	136	12	0	0	0	0	0	0	2	0	9	0	0	5
59822	OM4-321	114.6	114.86	5.32	31.02	2.78	2.03	5.25	0.03	21.02	0.28	67	0	0	198	0	0	0	10	8	0	0	0	0	0	0	0	0	0	1	0	0	0	0	0	0	4	0	0	0	8	6	4	2	6	0	0	0	0	0	0	1	1	0	74	9	0	0	0	0	0	1	2	0	2	0	0	5
59821	OM4-320	115.95	116.04	9.01	17.41	4.22	3.2	6.04	0.04	35.47	0.5	168	0	0	29	0	0	0	9	3	0	0	0	0	0	0	2	0	0	4	0	5	0	21	0	1	2	3	0	0	21	5	5	5	12	0	0	0	0	0	0	7	4	0	102	2	0	0	0	0	0	1	2	0	2	0	0	4
59820	OM4-319	117.92	118.05	10.85	14.05	4.44	3.62	6.05	0.08	39.79	0.58	6	0	0	35	0	1	0	1	36	0	0	0	0	0	0	29	5	0	16	0	6	0	19	0	2	1	2	0	0	19	2	3	2	10	0	0	0	0	0	0	3	0	0	79	4	0	0	0	0	0	4	1	0	5	0	0	7
59819	OM4-318	119.95	120.06	10.11	17.37	4.03	3.4	5.53	0.09	35.74	0.53	319	0	0	2	0	0	0	2	0	0	0	0	0	0	0	0	15	0	29	0	0	0	0	0	0	0	2	0	0	14	4	2	7	6	0	0	0	1	0	0	0	3	0	82	1	0	0	0	0	0	3	0	0	5	0	0	1
59818	OM4-317	123.7	123.8	8.31	24.43	3.07	2.87	4.21	0.11	31.38	0.43	123	0	0	4	0	2	0	11	15	0	0	0	0	0	0	0	0	0	32	11	3	0	0	0	0	15	0	0	0	14	4	8	9	0	0	0	1	2	1	0	0	0	0	35	0	0	0	0	0	0	3	0	0	7	0	0	1
59817	OM4-316	127.9	128	12.13	11.4	4.43	3.81	5.19	0.05	44.69	0.64	63	0	0	12	0	0	0	25	14	0	0	0	0	0	0	0	0	0	7	47	0	0	0	0	2	9	0	0	0	11	0	3	11	0	0	2	0	2	0	0	0	2	0	52	0	0	0	0	0	0	1	0	0	1	0	0	2
59816	OM4-315	133.39	133.49	10.48	17.23	3.82	3.41	3.77	0.06	39.03	0.55	73	0	0	46	0	0	0	0	0	0	0	0	0	0	0	10	0	0	3	9	2	0	0	0	0	2	0	0	0	3	4	0	12	0	0	14	0	0	0	0	0	0	0	66	0	4	0	0	0	0	2	1	0	2	0	0	1
59815	OM4-314	138.53	138.7	13.18	8.54	4.95	4.19	4.52	0.06	49.21	0.69	320	0	0	2	0	0	0	0	0	0	0	0	0	0	0	0	0	0	7	0	0	0	1	0	0	26	0	0	0	2	6	4	16	0	0	2	0	4	0	0	0	5	0	76	0	0	0	5	14	0	10	0	0	1	0	0	1
59814	OM4-313	143.66	143.75	13.43	8.7	4.9	4.26	4.52	0.07	49.03	0.72	333	0	2	0	0	0	0	0	0	0	0	0	0	0	0	0	0	0	38	0	1	0	0	0	1	24	0	0	0	0	2	1	0	0	0	0	0	4	0	0	0	0	0	14	0	5	0	0	0	0	1	0	0	0	0	0	0
59813	OM4-312	149.14	149.27	11.94	11.24	4.62	3.99	4.67	0.06	46.09	0.63	313	0	4	8	0	0	0	45	0	0	0	0	0	0	0	0	0	0	2	0	8	12	25	0	2	37	0	0	0	0	0	0	26	0	0	0	0	13	0	0	0	1	0	102	0	3	0	0	0	2	7	2	0	1	0	0	1
59812	OM4-311	153.71	153.84	12.93	8.83	5.68	4.23	4.48	0.05	48.21	0.7	63	0	0	0	0	0	0	42	0	0	0	0	0	0	0	0	0	0	0	0	0	1	0	0	0	2	0	0	0	0	0	0	1	0	0	0	0	0	0	0	0	0	0	4	1	0	0	0	0	0	0	1	0	1	0	0	0
59811	OM4-310	158.74	158.89	14.89	4.13	5.41	4.79	3.78	0.05	55.95	0.83	92	0	0	0	0	0	0	13	0	0	0	0	0	0	0	0	0	0	1	0	14	2	8	0	3	9	0	0	0	7	0	6	25	0	0	0	0	27	0	0	0	0	0	12	0	0	0	0	0	2	0	0	0	22	0	0	1
59810	OM4-309	163.95	164.08	12.57	11.97	4.95	4.14	3.68	0.06	46.06	0.69	40	0	0	85	0	0	0	0	0	0	0	0	0	0	0	0	0	0	9	0	9	0	0	0	2	6	0	0	0	0	0	4	8	0	0	0	0	5	0	0	0	0	0	17	0	0	1	0	0	2	2	0	0	1	0	0	0
59809	OM4-308	169.22	169.37	16.31	1.49	6.04	5.58	3.61	0.06	58.21	0.86	35	0	0	0	3	0	0	9	0	0	0	0	0	0	0	0	0	0	0	0	0	34	0	0	1	8	0	1	2	2	6	20	1	0	0	0	0	11	0	0	0	0	0	12	1	0	0	0	0	3	0	12	0	5	0	0	0
59808	OM4-307	174.29	174.4	16.06	1.43	5.42	6.97	3.63	0.05	58.12	0.87	26	0	0	0	0	0	1	0	0	0	0	0	0	0	0	0	0	0	0	0	17	66	0	0	3	11	0	0	0	4	1	14	1	0	0	0	0	6	0	0	0	0	0	17	1	0	0	0	0	0	0	2	0	6	0	0	0
59807	OM4-306	179.3	179.4	7.01	29.97	2.61	3.01	2.29	0.09	25.97	0.38	21	0	0	0	0	1	0	0	0	0	0	0	0	0	4	0	0	0	0	0	0	2	0	0	0	5	0	0	0	0	0	5	2	0	0	0	0	0	0	0	0	0	0	19	0	0	0	0	0	2	0	0	0	0	0	0	2
59806	OM4-305	184.08	184.18	6.14	31.22	2.54	2.59	2.59	0.04	23.44	0.34	29	0	0	0	0	0	0	0	0	0	0	0	0	0	32	0	0	0	0	0	0	4	0	0	0	1	0	0	0	0	0	3	0	0	0	0	0	0	0	0	0	0	0	10	1	0	0	0	0	1	0	0	0	1	0	0	3
59805	OM4-304	188.97	189.11	3.14	42.27	1.45	1.45	1.27	0.02	11.63	0.17	124	25	0	0	0	0	0	0	0	0	0	0	0	0	70	0	0	0	0	0	0	3	0	0	0	3	0	1	0	5	0	6	0	0	0	0	0	0	0	0	0	0	0	122	62	0	0	0	0	4	0	2	0	5	5	0	5
59804	OM4-303	193.76	193.85	1.15	49.06	0.69	0.55	2.23	0.02	4.88	0.06	56	0	0	0	0	0	0	0	0	0	0	4	0	5	0	0	0	0	0	0	0	0	0	0	0	0	0	0	0	0	0	0	0	0	0	0	0	0	0	0	0	0	0	0	0	0	0	0	0	0	0	0	0	0	0	0	0
59803	OM4-302	198.93	199.03	2.9	43.43	1.29	1.5	1.43	0.02	12.69	0.18	17	0	0	0	0	0	0	0	0	0	0	0	33	0	0	0	0	0	0	0	0	0	0	0	0	0	0	0	0	0	0	0	0	0	0	0	0	0	0	0	0	0	0	0	0	0	0	0	0	0	0	0	0	0	0	0	0
59802	OM4-301	203.78	203.92	1.48	46.75	0.72	0.82	2.45	0.01	7.46	0.09	15	0	0	0	0	0	0	0	0	0	0	0	36	0	0	0	0	0	0	0	0	0	0	0	0	0	0	0	0	0	0	0	0	0	0	0	0	0	0	0	0	0	0	0	0	0	0	0	0	0	0	0	0	0	0	0	0
